avg_bars_held: 17.793388429752067
max_drawdown: -5456.442093479998
num_trades: 363
sharpe_ratio: 0.10720242064063995
total_pnl: 876.6041671799348
win_rate: 0.4738292011019284
