best_params:
  max_active_pos: 10
  max_pos_size: 0.05944967656103676
  risk_per_pos: 0.03265826208850964
  sl_mult: 3.068395550967865
  time_stop_mult: 2.9055569242229438
  z_entry: 1.1207072379830831
  z_exit: -0.06571902464807378
best_trials_count: 10
best_value: 1.2425417649260682
grid_search_ranges: {}
parameter_importance: {}
